11
14
19
20
22
24
28
31
33
36
37
40
42
49
50
51
55
65
67
68
73
78
92
98
103
108
109
112
113
114
130
131
135
139
143
144
151
154
158
162
163
171
174
175
176
178
179
180
188
192
195
197
199
205
209
210
212
220
222
224
225
232
233
238
244
245
251
253
255
263
264
270
271
276
281
282
284
285
291
293
297
299
314
316
317
320
325
327
334
336
344
346
349
350
359
360
362
366
370
372
373
374
375
380
384
386
393
394
423
426
427
429
432
435
440
444
449
460
462
463
468
495
505
506
519
521
522
528
529
543
544
545
550
554
567
570
574
575
580
584
596
600
601
602
605
614
615
625
626
629
632
634
635
636
637
638
651
653
656
662
673
674
678
679
685
690
691
692
703
705
712
725
727
729
730
733
736
737
743
747
753
754
757
760
764
806
865
920
988
992
996
1027
1031
1095
1150
1221
1255
1258
1386
1754
