266
634
762
765
799
870
925
989
993
1024
1028
1032
1100
1155
1214
1256
1260
1263
1266
1267
1273
1277
1283
1284
1287
1290
1291
1293
1295
1308
1315
1317
1328
1329
1330
1335
1341
1342
1346
1347
1358
1364
1367
1369
1382
1383
1384
1385
1386
1388
1391
1394
1395
1405
1406
1415
1418
1419
1420
1424
1436
1440
1445
1446
1450
1453
1466
1470
1475
1476
1477
1491
1492
1498
1499
1501
1514
1515
1525
1552
1557
1558
1560
1571
1576
1580
1585
1588
1591
1593
1594
1597
1626
1627
1634
1636
1640
1645
1646
1647
1648
1650
1654
1658
1660
1661
1670
1671
1674
1676
1684
1686
1693
1695
1700
1703
1704
1706
1721
1723
1727
1729
1735
1736
1738
1739
1744
1749
1750
1756
1757
1765
1767
1769
1775
1776
1782
1787
1788
1795
1796
1798
1800
1808
1810
1811
1815
1821
1823
1825
1828
1832
1840
1841
1842
1844
1845
1846
1849
1857
1858
1862
1866
1869
1876
1877
1881
1885
1889
1890
1906
1907
1908
1911
1912
1917
1922
1928
1942
1947
1952
1953
1955
1965
1969
1970
1971
1978
1980
1983
1984
1987
1989
1992
1996
1998
2000
2001
2006
2009
