1 -24 26 -5 40 -7 41
1 -45 2 -46 2 -20 29
1 -8 39 -3 44 -25 29
1 -22 30 -17 33 -39 8
1 3 48 -43 11 -3 46
1 -40 6 -11 34 -6 42
1 -41 12 -23 31 -11 41
1 -38 9 -47 -1 -11 33
1 -36 9 -42 12 -18 32
1 -9 38 -4 40 -25 24
0 -19 -10 38 47 23 39
1 -16 31 -7 38 -17 35
0 29 44 -30 -12 -34 -25
1 -37 17 -12 41 -36 15
0 7 24 -15 -4 -7 10
1 -8 40 -28 21 -43 8
0 -11 -2 -37 -21 7 22
1 -34 10 -28 21 -24 22
0 2 16 -30 -18 36 49
1 -35 16 -49 -3 -22 30
1 5609 42139 50616 72254 41186 72055
1 8139 25638 13750 35548 -79037 -70984
1 51479 87500 24707 48115 -35295 -18227
1 -73373 -55575 -50506 -23676 13875 21644
1 -607 11075 32563 61072 -73961 -60677
1 -54644 -32648 36095 52276 35524 44082
1 3293 21195 23897 37964 64664 86731
1 16277 34415 -51093 -44153 -65799 -46099
1 57734 71356 9270 32187 -47281 -41642
1 -17556 -2370 -65143 -40143 -65900 -42874
1 27731 54850 -19951 -1638 64477 78243
1 -46220 -25546 49098 67401 -24289 -8395
1 -75694 -55646 8031 19015 -63498 -35375
1 -82098 -64478 -7489 10895 -28050 -13416
1 -17763 619 -38818 -18917 62021 80644
1 -4036 21697 63232 90278 9932 21454
1 -51009 -37805 -48120 -12965 -62976 -42322
1 -10062 13435 -2713 27657 -95464 -67967
1 53211 73081 -23539 -1570 30720 43005
1 -87267 -52185 -25633 -10717 -57489 -22751
1 -32246 -14833 40609 75319 47772 65055
1 -28576 -9217 -65715 -35614 -66074 -35414
1 -62100 -44706 -57479 -35266 25863 59774
1 60075 84270 -39918 -27513 20052 37583
1 -69755 -45869 -53994 -23866 25435 41774
1 -81219 -56849 34988 67299 -36361 -6405
1 -34896 -20511 -347 23007 65255 91319
1 31628 57325 53947 76849 -39280 -15147
1 2567 24296 -90225 -75834 -9435 -5411
1 66209 79130 -1616 27541 -28640 1210
1 -56973 -28039 9052 28251 -82655 -45613
1 -21899 3543 23278 40219 56829 77737
1 -37829 -22108 -63324 -34494 49476 61540
1 27796 45837 -8932 13099 -69432 -64995
1 -26462 1385 -80972 -64977 23581 52939
1 18633 28209 -29248 -12757 62374 85976
1 -63102 -52110 -69518 -44021 5993 16383
1 -38388 -20775 -73119 -59089 -29565 -12624
1 54496 71150 -2290 27080 -51819 -40956
1 -62145 -38898 37344 47889 -46932 -22048
1 -10609 -6237 -2296 11308 75214 88196
1 43193 64498 44990 67787 3458 13502
1 24383 31323 -63066 -46002 -57425 -46587
1 31586 53656 43699 64126 -70386 -49751
1 -6151 16087 24273 36658 67208 85968
1 -28144 -8234 64628 78855 12447 35783
1 -27791 -7570 7608 33671 56408 76897
1 -71639 -37867 4786 41009 -65116 -49576
1 29202 54934 42169 71478 12165 38477
1 50789 86692 -27446 -11708 24940 46842
1 68399 77340 -42140 -5435 23709 40953
1 -50452 -17475 -55608 -32284 54133 62151
1 -4270 17413 -91556 -67738 -44049 -21075
1 43903 60390 -76164 -65052 -13211 19384
1 21664 34686 57591 78789 -43915 -30761
1 18428 25188 43685 82567 28711 62777
1 4529 25520 -6802 9035 77117 85087
1 -74034 -47153 -2394 12502 -76632 -45849
1 -43913 -29276 -54624 -37109 30419 58292
1 64879 76845 13634 34024 12635 43854
1 6776 30399 78355 79046 -5764 4016
1 -63878 -36489 -40818 -12939 39742 75011
1 -36585 -8062 6370 26056 -96611 -70555
1 37751 43126 61066 83536 -36569 -16414
1 -48606 -38344 -48139 -39347 -65833 -47665
1 31017 41410 -36971 -24044 -71220 -57847
1 49779 79602 44542 67326 1267 19402
1 -3734 20108 -94944 -68655 15541 22442
1 -76300 -56024 41858 53403 11257 41111
1 -71004 -31442 54465 65052 -2000 12106
1 -72678 -54704 19816 43407 16364 42379
1 51009 68895 48481 66552 27724 51296
1 34066 51509 -42616 -30807 47689 76423
1 -77470 -45422 26655 43016 -35815 -23824
1 -24634 -7013 -30296 6379 77946 91093
1 -56781 -41432 44942 63297 -47009 -17985
1 -95213 -74134 3343 23741 4229 24279
1 61302 81326 -25844 -8209 -32882 -14100
1 -27390 -10821 -51218 -44783 50786 68594
1 63238 81345 -39734 -17596 22551 50195
1 -87553 -62611 -42771 -24651 -27754 -8749
1 -60203 -24396 -74674 -43580 31078 36420
1 -85144 -65273 -18554 -5394 -32092 -209
1 32349 62192 -61244 -32184 -46708 -38457
1 -72 22257 61503 84258 -3970 29653
1 66230 84830 20332 41514 4985 16780
1 -58039 -36988 -70196 -53336 10247 13477
1 -24566 -8681 -94004 -69717 -12041 9481
1 10334 48181 -2471 19711 56585 78548
1 10784 32229 -93847 -55900 -9229 18824
1 49587 59448 -59851 -45347 22113 43481
1 -87533 -53634 20220 49745 -1116 16729
1 -58815 -32234 54488 66930 5900 28577
1 60038 81924 -8318 8718 10223 33033
1 1923 18495 -3102 10532 -88329 -78503
1 59672 77715 -40626 -35390 25608 48293
1 36297 55036 42437 63782 42407 63524
1 -23687 -10746 66374 84343 -19848 -18228
1 18593 52199 59997 81390 8310 28040
1 -43261 -30680 49936 71924 15139 27826
1 35496 47786 -12482 5630 56734 85320
1 -11550 4633 22405 47480 65911 80353
1 22211 55607 67503 76616 -14547 15509
1 31740 50903 20939 45236 56027 65915
1 -59565 -47991 -35634 -8161 -61081 -44540
1 -38974 -22039 -73909 -46420 -56927 -23880
1 -74964 -52180 -31583 -19856 -41266 -30469
1 47266 62217 28096 50912 15665 51527
1 -63614 -50704 -60364 -49979 -43673 -19528
1 15575 36146 -83099 -63073 -42166 -25456
1 -79690 -65131 -24877 -1230 11120 41246
1 -4523 17702 -78697 -60385 -29305 -4029
1 17261 34049 29661 58479 -68165 -46907
1 -12400 -1371 -71489 -47076 35766 62650
1 -27789 7729 -68135 -58589 -47273 -39728
1 68157 78687 -1072 34504 21557 38840
1 26633 53469 63581 81530 -5982 18405
1 -14883 15553 -12471 -980 -91754 -59136
1 -23533 8244 -48008 -17971 67528 76082
1 15266 44665 17502 45948 -80561 -52835
1 -31325 4257 -50621 -29084 47197 74972
1 23948 45584 -36756 -13871 68270 72042
1 56171 85675 -25761 -21142 -24997 -18805
1 6696 21116 -50725 -36582 -83039 -62967
1 -49287 -12492 39255 73957 32589 60831
1 18208 48850 -64186 -49655 24081 57383
1 -21089 -7291 -86930 -59579 -21635 3264
1 -1051 21830 -39146 -20118 72471 87333
1 30008 54632 -26147 -14778 50822 75191
1 11924 24704 -75577 -56492 592 31488
1 -44629 -21430 45361 66637 -51786 -41834
1 -64884 -41525 29231 44102 37768 57059
1 31161 50459 31604 48054 34557 64400
1 36738 55399 -74618 -44434 20578 43396
1 31022 53044 44842 70018 -7706 11821
1 63243 78624 -39042 -14303 -41860 -26158
1 -42292 -22356 -55239 -29985 -57631 -36306
1 11253 34902 66292 72870 13002 36097
1 -35282 -27032 58835 76923 21050 43979
1 -84223 -62785 23112 43514 -42672 -13754
1 -3350 478 -25145 -18191 -96080 -76187
1 20678 58328 -44508 -28464 -79988 -46699
1 46735 65375 13436 31366 -61282 -39841
1 -87711 -56748 -28789 -19538 14406 28075
1 -16659 15248 75705 89199 -15472 -7958
1 37345 74844 30092 51621 32635 44277
1 -64462 -53285 -35306 -18899 30878 64940
1 -26468 9099 42324 54559 45489 65368
1 -19257 3337 -92931 -57803 22799 39671
1 -3207 17264 -82989 -76889 -15319 15172
1 -41286 -18429 -35843 -7024 -82527 -54781
1 46286 82418 45348 57767 -3147 15690
1 -68262 -58307 3806 24403 46854 63291
1 -130 19564 3660 22398 -85573 -60617
1 16126 21930 -73316 -53369 41777 72710
1 24638 46417 59182 72626 -16321 -9098
1 -17331 13083 39384 61561 43236 71832
1 58036 79808 -5373 16227 25801 34299
1 -40853 -22516 -17119 7328 -74970 -62490
1 40030 60204 18303 47126 -59685 -48847
1 -11309 4853 77452 85277 -14797 8309
1 50697 76119 -37705 -21349 16877 35940
1 -48798 -34053 65796 89714 -2575 1025
1 -16559 3651 -33716 -11780 54873 82732
1 -53556 -39892 -58433 -41327 -66705 -42978
1 31485 53700 52203 63986 -52967 -38293
1 4645 34468 47508 65982 -45654 -40573
1 -87512 -61767 6790 22442 -23374 7647
1 59975 70806 15542 39573 35499 45575
1 -74085 -55250 -47922 -36188 13039 30061
1 -42528 -20698 41530 55735 48991 67104
1 -87979 -66482 440 13808 -32465 -23642
1 -14076 -4393 37994 62252 39287 71929
1 -25886 -4644 45326 48886 -77379 -51968
1 -47147 -36465 -74452 -48425 10318 29932
1 -31507 -1301 -30373 -421 -93597 -67747
1 -45910 -19800 54517 62836 -56562 -33021
1 104 20657 17332 24054 76824 96308
1 26139 40030 -72609 -36391 37678 59023
1 46 22292 -824 12892 76343 80061
1 -2288 34312 -73030 -53123 -38055 -18627
1 -38406 -17990 -70593 -48253 11172 41994
1 53817 72838 30506 38661 20182 34018
1 23826 59739 27582 45188 -73343 -54685
1 69351 80614 21219 41796 -12098 8356
1 -59032 -52617 38452 61481 -36164 -11453
1 -78661 -66064 -32492 -17544 -26945 6954
1 10567 41318 -6570 16020 -83637 -62446
1 9860 43000 59037 77653 28387 50945
1 16721 53302 -46639 -23839 44059 73945
1 -70827 -45187 38190 43530 -61084 -23749
1 -48399 -37142 12255 42441 52908 85567
1 53405 79594 -23626 611 40605 64733
1 -10784 24303 -1626 26389 -92863 -74120
1 -30008 -13275 17141 39972 -74455 -59803
1 -6202 16746 -83782 -57692 32739 55293
1 -45054 -17786 -55632 -25509 58440 65430
1 49496 74995 -64557 -35933 8931 24566
1 -13760 16677 41402 63662 -70515 -59036
1 38379 59137 30491 44422 56353 60342
0 -24742 2249 -40926 -3720 -79933 -68774
1 -47325 -25534 -58380 -34831 -50258 -33652
0 -47733 -27521 -27721 -13863 -73170 -62200
0 -83945 -60815 9850 27838 950 11237
1 -530 24203 -95800 -73924 5070 19491
0 -36864 -20946 -81347 -61739 32668 38474
0 -36656 -6098 72706 79591 -11424 15174
1 6555 20362 42918 57995 52048 63685
1 18067 31412 -58953 -36726 44579 70711
1 53722 85902 30739 38467 -32023 -11344
0 -81371 -60561 -65573 -46474 -9980 13573
0 51596 60885 51447 61598 14876 25419
1 9488 19184 -74843 -47054 30892 43361
0 -61912 -42820 36018 62340 -32665 -9794
0 -37542 -14885 15720 20744 -76697 -59487
1 63813 83567 -3073 13000 14110 37120
0 -49487 -22977 -4273 21397 57477 79719
0 10818 44502 58900 92027 -39589 -17569
1 -81807 -64293 -45192 -19647 -5341 -2784
0 -55478 -23678 63712 66028 3567 32586
1 -20385 -11203 5509 29180 59392 77809
1 57144 88328 1538 22221 -4725 18757
1 -33107 -27506 -78667 -64060 6017 36762
0 -6314 978 -10623 -1488 60312 81937
1 -10391 17165 -81923 -65966 12889 23243
1 41093 62251 31584 32807 43154 52764
1 77653 90977 -10639 11259 2453 9348
1 7494 26381 69669 84849 32979 48213
0 -8343 11654 58528 85182 653 27032
1 -735 5301 -87893 -68784 24849 45135
1 1953 3062 -94925 -77283 -22865 -4449
0 -45826 -27171 -69071 -52430 38802 68061
1 21665 40847 -54263 -28366 61334 76237
1 -32924 -20574 47633 79790 -50136 -39232
1 54685 71349 -62557 -33089 27476 42665
0 59754 78538 -35932 -20483 -32172 -19830
0 37861 65730 39985 61002 23504 41344
1 -74741 -47204 -59872 -49002 -28833 -781
0 3476 17668 68198 75910 -27254 -7235
1 66069 82770 24216 49941 -36134 -4273
1 48702 64171 -77237 -41211 -34982 -1805
1 13809 37676 37331 63848 -67520 -47332
0 -18241 -16031 52017 61954 -63105 -46761
1 14524 47366 -57403 -30601 -75860 -50889
1 -7270 10637 43987 70276 -66420 -39961
1 4353 21415 52505 69508 -41724 -39623
0 15496 27979 -74457 -55950 -40425 -18614
0 -61972 -46394 -68745 -45678 4749 26885
1 26688 43626 -60783 -36136 44084 65094
1 -32202 2413 -80250 -61117 -42809 -30759
1 -50400 -36122 59938 78775 8249 14010
0 -11808 24477 51651 57523 -69325 -46448
1 -72349 -50943 24709 44458 39052 45249
1 63477 83481 20482 35519 26467 33943
1 -53722 -28581 48617 72280 16735 47820
1 49779 69562 -25355 -12335 50965 65593
0 -48670 -27527 51878 76129 11927 34996
0 -30203 -9313 3312 31262 52940 90888
0 1812 13806 -17395 -3209 64631 87790
1 9684 32379 -81732 -62642 -24074 -10379
0 -75011 -65777 24070 39654 17202 40909
1 -87679 -76918 -4558 8948 -6232 20254
0 -55563 -46662 -6715 4715 44509 62432
0 42661 65781 9857 32909 54272 62826
0 71075 81678 -6479 -1703 -44516 -18005
1 4952 26523 59673 90782 6095 15047
0 -42384 -23511 -73105 -64330 -16602 3227
0 -18148 -13132 22123 45117 -68689 -48648
1 4167 36103 -81411 -57974 -16361 -4273
0 -51893 -27570 8739 30622 -78519 -54862
1 -40940 -11382 -35819 -18301 -79311 -70893
1 -52365 -35244 -67742 -51897 -49275 -25507
1 37183 41081 -76942 -51334 -39459 -15473
1 -47076 -21857 43859 61060 -46364 -23097
0 50139 67202 11617 31573 -55825 -42177
1 -69608 -58351 36696 39390 28928 54334
0 17230 35559 -73061 -64573 -27327 -9096
0 -32668 -6290 -81343 -53810 39217 47010
0 -6941 15440 64673 94579 -5171 12236
0 4489 8029 38739 57877 54997 71455
0 -42969 -27400 53522 85284 14237 35322
1 -81995 -62662 -60753 -29868 -23137 4932
0 -18900 18279 59306 79233 39188 71799
0 34064 42255 -4729 2608 53674 85548
0 -30227 -12262 58379 78470 -2724 -105
1 -11439 12606 -54284 -46038 -76593 -51849
1 26252 65651 22769 45282 37142 67767
0 54913 74386 -18197 2522 28541 55427
1 -43171 -21729 29666 44627 52869 73931
1 -40605 -26003 -25028 -2467 -82282 -49850
1 -52773 -34236 -2753 13844 61651 87231
0 -93799 -65698 -40603 -4419 5278 27507
1 -28724 -13489 -22427 -14352 57929 90549
1 18655 36786 62146 76247 -31256 -22934
0 -42346 -5229 17564 32492 69392 84966
1 -24455 -17132 74434 77431 -21501 -8410
0 25211 57315 13740 36003 -68801 -56185
0 27 24904 75904 97782 -10719 5799
1 -49260 -36416 -2846 34476 52796 76381
1 53581 83019 -4353 18661 37179 50767
1 -64156 -41167 51996 64637 24073 47589
0 5644 33414 2470 30586 -90196 -64061
0 54810 84305 -57338 -29450 -2234 9839
1 -85272 -75168 -22177 1744 -31707 -7326
0 32863 51637 -31704 -19915 56733 69791
1 -66125 -35317 6125 30008 47036 79335
1 55590 73405 -13895 6890 40189 68070
1 6079 24303 -86736 -65081 -17630 19062
1 37640 48571 -68891 -51790 -33967 -3104
0 8625 20808 61479 75865 -47719 -32119
1 -28358 -26349 25083 34274 58867 69718
0 -31999 -13374 -62161 -41315 -60908 -31114
1 -77428 -70852 -4432 11626 -43163 -22549
0 -12405 8575 64536 88112 -389 11193
1 -7839 23604 9649 18002 71320 80369
1 9903 41159 -67049 -35226 36893 65184
1 7673 23235 -28519 -2042 -76945 -56528
0 -57904 -35587 27900 44561 51948 77633
0 8565 13720 -73480 -50019 49621 54335
1 -56404 -36399 -57375 -40927 36712 70219
1 70684 91311 5805 11539 -34339 -11998
1 -37304 -27013 66245 84813 29697 35104
1 67668 84252 7104 39933 -18209 1515
1 -10662 7773 -72594 -61831 25855 50662
1 26653 57985 -52054 -28671 -58493 -40415
1 17227 46111 53917 85222 -41020 -22517
0 -24743 -23426 -38166 -20539 -73558 -70558
1 -71444 -52816 42181 61021 -13175 13567
0 38239 67388 -47432 -35883 37000 49998
1 -29372 -10740 10145 18327 66536 86250
1 -74091 -53011 -35460 -2123 10863 36485
0 -830 26012 -83838 -74027 -17749 4332
1 39856 61767 19212 36644 39104 68753
0 58969 74710 23746 48082 -36731 -13095
1 -46857 -17761 54517 88038 -21028 4865
1 5757 31806 -87159 -59641 21926 45050
0 57158 79794 369 22188 -38467 -16755
1 -22198 -6915 20120 55734 -77326 -60268
1 -8295 15579 27424 42200 -80784 -62186
1 -70154 -59688 -37012 -10957 33343 53899
0 6596 15666 -17845 -165 71385 80703
0 18021 36900 35594 57867 55564 66934
0 -36438 -22194 -74367 -65732 -33994 -7716
1 34321 65894 24729 47784 44010 60150
1 37440 55824 40602 67577 19739 39032
0 58890 73594 -4182 4316 -42633 -14798
1 15171 33924 49029 65558 -61087 -33220
1 29532 56508 51669 74738 -33565 -5605
0 -71184 -63148 27975 59373 -43298 -19545
1 -60077 -44310 54154 68101 -7114 3158
0 62585 74266 20842 33285 23976 43591
1 -2872 26017 -91343 -71379 -6102 8061
1 41592 62416 -60063 -32783 8821 34878
0 -25312 6506 45464 69626 -61839 -56490
1 23936 44808 -2387 26444 -89650 -54771
0 -83092 -59003 25545 49808 13822 42003
0 -86923 -66776 -34795 -2691 -17352 6044
0 71523 83477 -14130 18457 -41065 -18062
1 77806 95470 -19234 3652 2341 6426
1 19824 27633 -67834 -43300 49127 66225
1 -71200 -47334 -53184 -48462 -12733 -6216
0 -53021 -51480 -12549 7458 41350 63702
0 -33512 -771 -42099 -16505 62759 74194
1 34807 47110 -70974 -42229 -53462 -42371
1 66762 79760 -387 21133 -1509 18944
1 43420 61556 -21987 -6645 -80823 -47708
1 -63729 -50036 10611 32202 -70719 -39403
0 -38050 -17413 25687 43690 -73084 -59525
0 6350 18248 -91079 -62333 -37340 -27594
1 -32608 -9043 69031 79721 -21063 -630
0 -87007 -63742 -49906 -22057 -17417 3476
1 -17673 963 -57481 -36146 -76921 -42934
0 -79831 -50990 33844 51773 -25828 2983
1 15672 46344 -57937 -32656 -67008 -48368
1 -49967 -27963 -81228 -52999 17158 34774
0 18153 43168 -85201 -60731 8057 30431
0 -67119 -47969 -51209 -29317 -54436 -44903
1 57416 73315 -29876 -23159 10433 31168
0 -15008 -1047 71855 82302 -3495 22865
0 -52138 -40439 42840 55947 -46363 -15750
0 64773 75014 9560 22050 -38909 -19955
1 -31122 -1534 -22615 6714 -87340 -59806
1 73201 83039 -12709 9883 -28495 951
1 -33265 -13215 -77820 -55917 -37084 -20515
1 23818 49626 -12581 9343 -69309 -52153
1 -77351 -52406 -52921 -39440 19081 36358
1 -64586 -51868 20667 34234 -48558 -37167
0 -91514 -74820 -6979 23809 -8029 3818
1 22909 48595 -4908 23549 -75631 -58012
0 27777 35250 36781 44804 39450 69918
1 -45648 -27303 23384 48276 -64720 -45918
0 21298 46435 15936 43855 66654 74582
1 -498 17127 18495 44964 -84124 -61584
0 -84477 -58932 -29078 2680 -55341 -44338
1 63128 84454 -19533 -9427 -41106 -27274
0 -25136 -5974 51930 85546 25807 35948
1 50137 88583 -38201 -20317 -1165 32787
1 -16269 4565 -54781 -37040 54733 74868
1 31918 53358 52954 77962 -20309 -9155
0 6259 30795 63250 73684 25841 49676
